15 28 51 108 
10 27 66 123 
20 31 34 62 103 
29 34 85 125 
3 50 115 128 
39 88 92 95 
18 33 47 217 
2 59 78 187 
14 60 106 150 
2 83 121 135 
39 65 92 156 
26 42 77 213 
3 90 115 151 
6 91 126 149 
19 32 122 202 
33 47 76 219 
18 47 82 230 
5 53 134 195 
51 86 103 149 
10 35 63 286 
70 91 109 127 
39 64 79 230 
2 64 114 239 
23 103 106 188 
14 78 136 199 
53 84 151 159 
65 92 132 160 
81 91 93 187 
41 62 68 111 175 
14 60 97 294 
13 59 149 248 
2 37 202 236 
22 68 100 287 
81 84 93 219 
16 68 171 228 
61 125 130 170 
67 68 139 214 
9 29 124 148 185 
64 111 146 175 
96 111 143 154 
75 87 117 229 
48 62 149 253 
94 99 148 172 
7 110 168 231 
11 80 92 132 205 
2 108 179 236 
53 66 69 84 253 
1 133 161 233 
85 129 151 169 
48 102 147 238 
61 68 122 133 157 
85 122 155 181 
19 32 225 268 
66 85 169 228 
39 64 124 161 163 
40 107 197 207 
16 114 209 218 
8 40 94 124 137 161 
13 120 207 226 
66 128 169 210 
0 86 219 272 
108 140 164 166 
70 103 188 218 
1 132 168 295 
111 112 116 257 
0 165 202 236 
61 68 139 160 175 
9 141 161 293 
56 73 88 95 293 
61 93 193 266 
33 94 193 295 
69 124 137 288 
30 147 170 281 
79 97 173 280 
16 70 264 280 
67 114 153 296 
88 133 186 225 
37 45 96 195 260 
47 83 224 279 
98 126 149 262 
41 73 229 294 
60 76 238 265 
24 117 241 267 
19 183 202 249 
101 133 186 233 
102 122 133 299 
100 137 147 282 
10 178 220 258 
104 139 167 259 
9 141 243 277 
1 3 218 225 232 
80 111 234 255 
52 107 233 291 
104 119 230 241 
22 118 276 287 
14 22 48 72 116 150 287 
86 117 253 255 
28 71 98 100 186 231 
86 99 117 174 238 
65 144 249 259 
90 145 230 253 
62 101 133 180 243 
66 89 119 218 229 
35 169 228 290 
87 106 258 277 
64 73 89 229 275 
70 171 233 268 
94 198 225 232 
48 199 238 265 
92 174 224 263 
111 143 206 295 
9 129 166 175 277 
29 193 254 289 
30 193 254 291 
75 211 220 268 
80 213 235 255 
162 179 204 241 
102 147 262 276 
57 117 166 213 255 
141 189 198 281 
61 90 141 253 266 
8 44 73 77 187 195 239 
47 230 257 291 
63 203 274 285 
106 232 244 245 
137 183 249 259 
113 129 140 166 288 
90 131 173 178 266 
110 130 189 194 215 
140 179 257 262 
26 32 72 92 142 151 164 169 
154 200 242 254 
164 166 252 273 
94 225 247 295 
89 250 260 263 
176 212 223 252 
143 214 233 282 
146 156 277 296 
6 91 212 282 289 
29 58 73 176 256 289 
97 159 175 211 241 
155 187 263 281 
67 241 285 295 
110 242 264 280 
122 212 267 299 
40 111 124 173 197 261 
121 234 267 293 
211 225 231 268 
54 191 225 231 254 
130 194 211 217 220 
9 219 238 243 270 
94 188 193 232 276 
151 164 199 212 267 
164 250 288 298 
87 88 117 209 234 267 
13 59 65 87 111 114 148 206 213 
17 119 132 209 247 295 
30 50 99 155 202 230 265 
87 195 229 235 287 
64 204 235 258 298 
14 24 60 88 92 117 118 132 191 225 
17 81 121 182 202 210 267 
260 263 273 284 
56 65 85 121 211 261 293 
131 183 238 259 286 
137 191 231 270 290 
6 38 86 137 149 171 253 298 
9 60 87 117 180 199 238 277 
62 65 92 111 113 124 164 180 271 
13 18 33 42 71 75 90 131 149 166 213 259 
47 56 65 72 76 145 164 230 241 250 
2 144 163 173 179 202 240 245 
62 83 113 140 224 237 263 296 
39 81 91 109 165 212 225 282 283 
12 66 69 78 130 170 172 204 233 286 299 
75 110 164 171 185 193 198 215 244 253 289 294 
8 22 50 51 65 66 111 113 115 116 119 153 160 188 195 197 214 233 236 261 
