14 22 32 48
15 31 50 53
14 18 26 99
2 31 36 37 76
0 28 65 93
11 14 23 34 41 74
9 55 56 84
18 41 52 95
5 49 73 81
31 37 44 97
8 40 74 99
4 40 42 55 84
15 50 76 91
16 80 82 89
50 65 76 77
36 50 57 60 76
50 60 70 99
51 58 81 98
10 26 43 64 82 85
10 14 17 22 30 41 45 52 59 73 74 80 82 87
0 1 2 3 4 5 6 7 8 9 10 11 12 13 14 16 17 18 19 20 21 22 24 25 26 27 28 29 31 32 33 34 35 36 37 38 39 40 41 42 43 44 45 46 47 48 49 50 51 52 53 55 56 57 59 60 61 62 63 64 65 66 67 69 70 71 72 73 74 75 76 77 78 79 80 81 82 83 84 85 86 87 88 89 90 91 92 93 94 95 96 99
